500
38
7719
9238
2437
8855
11797
8365
8285
10450
6612
5853
4100
1142
281
8537
3921
8945
2285
2997
2680
8976
7891
9655
1906
6457
1323
4881
2240
9725
8278
2446
590
840
6587
4907
9237
11611
617
456
867
5533
6878
4223
5887
7597
8584
212
7111
7578
5066
7629
5404
279
1505
388
11649
329
7176
2331
7264
10114
2136
2928
1102
9652
8404
337
3856
5598
772
2097
1213
4683
4703
3260
3942
2747
3375
4871
6004
4673
3152
11819
11504
239
4186
2804
4937
3023
10335
8533
9393
4020
11574
1983
1961
624
7065
3569
830
167
236
7249
11636
3619
1727
700
323
2922
10774
6811
62
3565
1191
119
6747
2050
7620
4334
5968
5524
3577
3046
1531
2458
5272
2530
8134
8581
435
11667
5160
2814
9642
976
8527
3823
9094
1768
9244
1824
2021
6807
5296
2726
2263
11640
1062
9047
3080
10747
3328
10113
1183
4759
743
4891
11494
7361
5133
8572
4651
4254
4470
3019
11974
8821
8822
1910
11452
6248
8156
7911
1475
6436
719
6388
9255
3447
6840
8854
4493
2755
11841
2204
6167
816
2556
8001
5927
6214
551
9083
10279
7674
846
5014
1799
2665
3537
2560
2952
3875
8360
6086
5850
8522
1733
7455
8257
1468
7097
4775
10141
8940
5177
5743
10281
6616
9122
147
8612
10391
6523
9132
7695
10065
5306
11175
1879
11027
233
53
8947
8482
5162
5701
1744
1456
10745
4591
6859
814
11313
3794
2654
65
4018
577
2783
4888
6594
5208
6405
11676
497
9334
6477
6120
5025
2630
8252
1372
2245
11966
1061
2157
489
6859
8110
8575
1940
364
6926
8693
1897
415
8089
9992
8660
5081
896
4311
2979
5978
2354
4958
3698
3136
1703
1258
1643
5723
383
9803
4526
3009
5190
10475
7502
4578
4251
1854
9884
3102
8754
7035
2952
8054
1782
8298
9637
1
4115
8126
5517
3232
2323
2532
4965
9588
6726
7453
193
2478
2088
3529
4267
2727
894
5572
6752
11857
7361
9910
2619
9806
6910
5093
9207
10112
2493
10126
4335
6912
3905
5364
840
1426
2063
1336
10610
7801
9330
4937
11402
8135
3071
8701
5508
7192
3540
8609
11719
11680
518
9998
11801
11234
2236
2077
2621
11203
6870
11101
3449
4222
10002
1314
7581
4536
5679
3711
6561
2487
339
2199
3695
4687
7851
113
8065
1149
8466
234
5579
5943
2387
5551
8092
8516
11538
9291
1314
4392
5608
9950
4684
2403
3341
8751
691
11451
3932
5411
7291
11958
7313
7823
5654
5036
7605
9194
1067
11100
11742
3654
1205
11295
3984
8641
5006
4378
7593
759
5102
3960
5596
2042
591
10295
3900
4548
4659
6273
2395
2060
11047
5822
1779
2808
10025
4072
1861
4018
7721
1919
6945
7102
2860
62
3749
7211
8599
6382
8681
5064
1962
633
7770
8920
266
5570
11621
3529
5827
3091
5303
226
2158
3287
9539
1019
8784
5897
4035
2833
7779
8844
9154
6298
8505
7325
11706
3381
11933
614
122
7046
797
